[PARAMETERS]
WIDTH=2814
HEIGHT=6299
X_OFFSET=2295.58251953125
Z_OFFSET=3044.62377929688
MARGIN=10
SCALE_FACTOR=1
DRAWING_SIZE=10

