[PARAMETERS]
WIDTH=3017.55322265625
HEIGHT=2176.55322265625
X_OFFSET=-271.550048828125
Z_OFFSET=-382.429321289063
MARGIN=8.22335052490234
SCALE_FACTOR=0.769230782985687
DRAWING_SIZE=10

