[PARAMETERS]
WIDTH=4627
HEIGHT=6603
X_OFFSET=615.3583984375
Z_OFFSET=864.108947753906
MARGIN=20
SCALE_FACTOR=0.3125
DRAWING_SIZE=10

