[PARAMETERS]
WIDTH=8192
HEIGHT=2739
X_OFFSET=16961.85546875
Z_OFFSET=6050.55029296875
MARGIN=10.1614828109741
SCALE_FACTOR=4.14961671829224
DRAWING_SIZE=10

